20
50
0 1 61.68 0.875
0 2 48.139 39.319
0 3 51.264 21.978
0 4 44.753 29.655
0 5 10.076 1.22
0 6 2.806 41.538
0 7 50.432 47.775
0 8 19.111 37.592
0 9 34.563 89.833
0 10 32.594 13.499
0 11 87.625 10.368
0 12 80.988 23.533
0 13 12.094 42.849
0 14 90.223 11.855
0 15 88.359 22.688
0 16 11.358 36.581
0 17 5.753 44.798
0 18 21.742 40.88
0 19 9.164 0.517
1 2 54.828 56.243
1 3 63.536 86.348
1 4 27.487 3.398
1 5 75.317 11.807
1 6 76.211 89.122
1 7 54.427 37.759
1 8 84.666 27.657
1 9 64.553 51.875
1 10 43.009 38.987
1 11 98.702 31.428
1 12 71.128 12.796
1 13 71.132 1.445
1 14 34.941 34.319
1 15 27.58 33.067
1 16 3.814 7.458
1 17 44.686 21.795
1 18 66.082 11.857
1 19 6.793 31.665
2 3 4.953 61.858
2 4 41.238 42.42
2 5 47.371 31.756
2 6 8.606 8.201
2 7 10.133 22.772
2 8 86.901 19.175
2 9 72.471 33.129
2 10 77.521 34.948
2 11 77.504 18.852
2 12 64.507 11.92
2 13 80.477 37.204
2 14 73.193 42.436
2 15 31.92 26.628
2 16 84.469 38.657
2 17 14.859 8.542
2 18 0.051 29.246
2 19 19.072 6.419
3 4 19.206 43.391
3 5 69.868 12.821
3 6 60.291 8.773
3 7 26.14 26.703
3 8 26.459 20.365
3 9 70.647 46.955
3 10 9.566 23.064
3 11 85.687 48.262
3 12 9.576 35.781
3 13 21.515 47.385
3 14 11.578 15.589
3 15 50.513 13.931
3 16 98.445 48.708
3 17 65.476 5.936
3 18 24.024 16.306
3 19 91.099 18.698
4 5 1.321 18.548
4 6 54.639 48.7
4 7 29.556 26.025
4 8 79.623 28.435
4 9 81.375 1.344
4 10 35.098 0.562
4 11 44.284 33.47
4 12 58.576 19.039
4 13 42.531 21.401
4 14 32.194 28.829
4 15 31.057 25.737
4 16 79.137 38.343
4 17 13.763 38.127
4 18 62.752 13.805
4 19 26.433 34.146
5 6 28.018 43.925
5 7 14.821 45.047
5 8 93.653 25.282
5 9 15.573 19.761
5 10 38.358 20.95
5 11 40.769 2.47
5 12 7.259 44.366
5 13 12.283 15.962
5 14 75.206 43.76
5 15 51.595 8.283
5 16 10.334 12.377
5 17 89.91 37.89
5 18 81.229 21.652
5 19 9.534 12.906
6 7 90.932 45.589
6 8 32.602 12.508
6 9 16.282 27.936
6 10 3.284 4.739
6 11 10.776 45.49
6 12 97.633 46.499
6 13 32.676 20.381
6 14 61.281 17.964
6 15 38.197 38.014
6 16 19.594 27.048
6 17 64.236 39.404
6 18 2.878 36.791
6 19 54.613 27.092
7 8 3.6 38.214
7 9 55.111 13.409
7 10 39.979 31.107
7 11 60.71 24.918
7 12 26.491 5.221
7 13 68.739 39.43
7 14 14.922 18.542
7 15 24.786 40.061
7 16 92.949 39.646
7 17 96.56 19.532
7 18 17.685 22.459
7 19 87.6 10.9
8 9 76.118 4.972
8 10 56.55 43.814
8 11 6.425 16.791
8 12 90.885 6.128
8 13 96.903 37.164
8 14 84.358 33.055
8 15 34.227 39.178
8 16 67.349 11.058
8 17 7.177 36.944
8 18 96.758 48.119
8 19 39.549 18.672
9 10 20.169 13.068
9 11 46.086 21.214
9 12 21.18 2.638
9 13 34.083 8.481
9 14 31.013 41.485
9 15 20.67 22.353
9 16 24.844 44.754
9 17 21.768 49.566
9 18 89.646 27.619
9 19 14.193 29.773
10 11 99.95 25.65
10 12 76.811 19.668
10 13 40.493 38.666
10 14 75.639 20.414
10 15 85.967 30.868
10 16 25.817 10.292
10 17 33.017 23.149
10 18 81.658 45.05
10 19 27.162 22.161
11 12 93.605 26.566
11 13 75.539 17.224
11 14 32.447 9.685
11 15 56.483 28.386
11 16 64.27 29.258
11 17 67.967 23.464
11 18 72.265 44.362
11 19 86.406 37.43
12 13 48.331 32.844
12 14 17.366 27.682
12 15 55.065 11.109
12 16 64.519 19.438
12 17 95.636 45.992
12 18 86.723 5.074
12 19 28.838 23.273
13 14 16.044 48.259
13 15 49.352 34.695
13 16 59.161 15.701
13 17 15.194 46.742
13 18 27.394 49.325
13 19 70.23 19.128
14 15 27.767 48.835
14 16 74.63 5.096
14 17 21.731 31.433
14 18 10.605 47.755
14 19 38.98 38.904
15 16 7.895 3.772
15 17 52.731 33.213
15 18 48.904 3.095
15 19 91.394 44.731
16 17 35.81 37.338
16 18 76.814 27.855
16 19 54.491 28.736
17 18 61.219 19.807
17 19 17.049 13.352
18 19 23.616 6.366