10
50
0 1 1.211 43.405
0 2 75.155 91.636
0 3 74.384 98.956
0 4 76.519 93.032
0 5 76.792 0.211
0 6 95.618 97.506
0 7 70.384 98.531
0 8 1.927 43.176
0 9 80.151 0.346
1 2 81.994 0.061
1 3 1.828 47.746
1 4 98.593 93.963
1 5 0.829 38.451
1 6 73.174 96.411
1 7 95.892 0.372
1 8 85.228 90.77
1 9 1.648 30.662
2 3 89.716 98.132
2 4 70.543 92.825
2 5 1.689 41.926
2 6 85.673 98.572
2 7 97.929 0.11
2 8 1.183 37.581
2 9 0.94 43.981
3 4 74.312 0.404
3 5 0.737 48.467
3 6 87.857 0.138
3 7 99.285 91.058
3 8 92.82 0.271
3 9 95.515 94.162
4 5 90.367 91.026
4 6 94.394 0.277
4 7 0.192 36.961
4 8 81.363 0.235
4 9 91.01 96.965
5 6 1.017 42.832
5 7 81.289 90.477
5 8 0.958 45.827
5 9 82.379 0.258
6 7 1.601 45.395
6 8 86.316 0.341
6 9 1.831 45.304
7 8 1.021 43.596
7 9 72.718 94.152
8 9 77.659 90.089