20
50
0 1 99.162 0.461
0 2 76.654 95.942
0 3 70.217 95.951
0 4 88.591 0.334
0 5 79.626 0.399
0 6 0.004 48.377
0 7 97.215 0.416
0 8 98.132 0.12
0 9 81.883 98.475
0 10 81.561 95.861
0 11 0.166 33.636
0 12 1.649 42.998
0 13 89.276 92.947
0 14 1.247 32.336
0 15 93.488 0.285
0 16 87.717 0.423
0 17 95.663 91.906
0 18 1.417 41.195
0 19 0.756 29.555
1 2 1.337 47.611
1 3 97.822 96.275
1 4 86.365 0.031
1 5 89.732 0.276
1 6 99.0 91.332
1 7 77.035 0.105
1 8 82.312 0.161
1 9 85.394 97.369
1 10 97.395 91.087
1 11 87.493 95.636
1 12 75.01 95.116
1 13 97.056 90.904
1 14 86.089 97.507
1 15 85.902 0.362
1 16 74.244 0.392
1 17 80.194 92.854
1 18 1.324 45.001
1 19 1.683 39.143
2 3 0.97 41.494
2 4 91.09 92.354
2 5 1.397 36.067
2 6 1.503 39.769
2 7 74.535 98.704
2 8 89.485 96.343
2 9 72.424 0.058
2 10 78.727 98.45
2 11 78.23 0.251
2 12 0.633 46.778
2 13 79.492 0.117
2 14 94.754 0.407
2 15 0.957 46.755
2 16 0.293 48.136
2 17 88.078 92.066
2 18 95.111 0.294
2 19 1.699 35.27
3 4 94.736 96.075
3 5 1.852 42.49
3 6 0.926 46.172
3 7 87.135 94.506
3 8 1.968 37.042
3 9 0.287 44.19
3 10 73.704 0.121
3 11 0.237 28.814
3 12 76.45 96.932
3 13 82.396 93.429
3 14 98.464 95.973
3 15 1.676 46.325
3 16 87.004 96.56
3 17 89.772 98.486
3 18 81.776 93.639
3 19 92.046 0.083
4 5 90.237 0.142
4 6 75.486 91.106
4 7 97.763 0.323
4 8 86.883 0.098
4 9 81.487 94.997
4 10 92.802 93.14
4 11 98.577 96.244
4 12 73.544 95.64
4 13 0.908 40.876
4 14 1.971 45.253
4 15 76.323 0.379
4 16 74.902 0.031
4 17 1.195 37.479
4 18 92.039 97.094
4 19 76.77 93.303
5 6 0.147 38.656
5 7 73.917 0.329
5 8 72.254 0.468
5 9 77.986 92.838
5 10 1.725 34.611
5 11 77.534 95.584
5 12 1.259 40.533
5 13 98.135 93.74
5 14 1.974 30.329
5 15 74.786 0.442
5 16 95.141 0.001
5 17 70.824 95.985
5 18 1.542 40.109
5 19 1.875 49.364
6 7 82.667 97.991
6 8 0.424 45.676
6 9 96.55 94.527
6 10 93.239 94.911
6 11 1.855 38.324
6 12 94.979 0.351
6 13 73.869 96.865
6 14 1.482 35.58
6 15 0.076 40.975
6 16 74.393 96.961
6 17 92.864 0.466
6 18 1.871 39.866
6 19 72.506 90.348
7 8 74.961 0.117
7 9 85.082 93.559
7 10 0.251 42.475
7 11 0.586 39.703
7 12 86.034 96.104
7 13 0.92 35.275
7 14 1.418 38.974
7 15 98.735 0.049
7 16 89.011 0.096
7 17 81.748 90.774
7 18 94.55 95.671
7 19 77.969 91.901
8 9 1.265 41.822
8 10 87.103 98.943
8 11 70.442 93.895
8 12 1.956 32.145
8 13 0.295 47.634
8 14 85.749 95.145
8 15 79.524 0.06
8 16 88.13 0.115
8 17 94.487 94.552
8 18 80.936 98.529
8 19 98.064 96.875
9 10 97.461 92.535
9 11 84.256 0.244
9 12 1.499 34.542
9 13 98.835 0.311
9 14 94.672 0.499
9 15 80.668 97.476
9 16 98.787 91.553
9 17 78.603 98.18
9 18 94.463 0.482
9 19 1.956 48.507
10 11 0.94 43.218
10 12 70.078 93.149
10 13 79.693 94.601
10 14 0.996 38.284
10 15 85.162 91.273
10 16 1.307 46.548
10 17 82.171 98.436
10 18 0.147 38.367
10 19 86.528 0.338
11 12 85.935 97.107
11 13 72.111 0.494
11 14 74.883 0.18
11 15 70.244 97.909
11 16 81.693 92.874
11 17 1.521 40.787
11 18 78.68 0.473
11 19 99.509 96.769
12 13 0.769 29.713
12 14 81.941 94.419
12 15 78.904 98.455
12 16 0.823 29.312
12 17 99.558 0.26
12 18 75.173 98.26
12 19 75.896 93.511
13 14 71.266 0.239
13 15 91.996 94.981
13 16 1.822 30.269
13 17 95.647 90.56
13 18 70.26 0.083
13 19 1.244 29.778
14 15 74.313 94.334
14 16 99.563 96.208
14 17 1.867 43.908
14 18 95.327 0.12
14 19 82.252 92.741
15 16 86.261 0.205
15 17 99.187 95.62
15 18 0.525 39.7
15 19 96.006 94.53
16 17 84.528 93.777
16 18 0.006 38.142
16 19 0.859 38.95
17 18 1.683 48.673
17 19 93.348 94.066
18 19 86.424 91.812